{
	"numberOfRollsOnLootTable": {
		"PHANTOM_SKIN": 1,
		"PHANTOM_BONES": 1,
		"OCELOT_PELT": 1,
		"OCELOT_PELT_BLACK": 1,
		"WOLF_PELT": 1,
		"WOLF_PELT_BLACK": 1,
		"FOX_PELT": 1,
		"FOX_PELT_ARCTIC": 1,
		"GOAT_PELT": 2,
		"FROST_CRYSTAL": 1,
		"EVOCATION_ROBE": 1,
		"SKELETON_SKULL": 1,
		"MYSTERY_GEMSTONE": 1
	},
	"dropBaseChance": {
		"PHANTOM_SKIN": 0.10000000149011612,
		"PHANTOM_BONES": 0.3499999940395355,
		"OCELOT_PELT": 0.3499999940395355,
		"OCELOT_PELT_BLACK": 0.10000000149011612,
		"WOLF_PELT": 0.25,
		"WOLF_PELT_BLACK": 0.10000000149011612,
		"FOX_PELT": 0.25,
		"FOX_PELT_ARCTIC": 0.25,
		"GOAT_PELT": 0.4000000059604645,
		"FROST_CRYSTAL": 0.20000000298023224,
		"EVOCATION_ROBE": 0.20000000298023224,
		"SKELETON_SKULL": 0.05000000074505806,
		"MYSTERY_GEMSTONE": 0.009999999776482582
	},
	"dropChancePerLootingLevel": {
		"PHANTOM_SKIN": 0.10000000149011612,
		"PHANTOM_BONES": 0.20000000298023224,
		"OCELOT_PELT": 0.20000000298023224,
		"OCELOT_PELT_BLACK": 0.10000000149011612,
		"WOLF_PELT": 0.20000000298023224,
		"WOLF_PELT_BLACK": 0.10000000149011612,
		"FOX_PELT": 0.5,
		"FOX_PELT_ARCTIC": 0.10000000149011612,
		"GOAT_PELT": 0.5,
		"EVOCATION_ROBE": 0.15000000596046448,
		"SKELETON_SKULL": 0.10000000149011612
	}
}